12059
7334
14964
13026
10074
10207
7830
7983
6768
14157
11377
11329
10758
9142
9645
7279
8543
10407
11715
11631
14853
10549
11768
8466
9201
7599
10074
9941
11000
9026
7687
9742
13030
11012
10546
13156
13169
10876
14172
6762
9283
9342
10295
9299
9986
10196
11094
10993
14842
14911
12033
9864
6797
10932
15224
7892
10174
11763
10012
9158
14911
10299
14241
11922
12222
11838
9363
13057
9251
11142
9876
11912
10876
7752
12348
9858
15117
7334
7983
11671
12033
6789
11765
13019
10932
10888
13584
6762
9342
11684
15224
10070
7682
9790
10207
10174
10012
10993
6797
9283
8543
11377
9026
10758
6769
11631
9299
9742
13030
13019
9606
10196
11094
13136
9941
11080
7882
11080
9957
12189
8511
7817
9330
11951
7882
7687
6890
13662
10837
8811
7599
10260
12189
7882
9742
8811
10941
10947
7817
9991
8811
6890
6604
10675
10993
7983
10002
6997
9440
9299
10207
7615
10941
10947
12594
8885
9026
9700
7817
6769
6890
10837
9965
11768
13169
7896
9158
7901
14241
9886
11765
5782
11551
9363
9850
13057
11684
11779
7564
12848
12348
14751
14157
10962
13026
11197
10758
8519
11637
10189
15013
9886
9715
9606
11707
9645
5903
11174
9543
11124
12497
10128
10079
10984
9251
10961
12392
7426
11465
9858
5972
6793
13348
11458
11637
11715
14616
5903
12222
11352
11838
10218
14444
7641
9790
10984
10962
12392
6793
10894
11671
10079
11489
9007
8918
6793
10079
5782
9602
10170
10120
9850
10174
14842
7901
14911
10012
9189
6797
11765
11551
12222
12422
12207
11099
10858
9007
9273
6762
9739
10337
14559
10120
10937
12848
10407
14964
9996
11974
6997
11011
11099
11637
9413
9201
13156
11912
9858
15013
8918
11922
11707
8767
11814
11694
13291
10170
10128
10712
10911
6838
7843
8975
9839
11919
7740
7752
13672
10312
8999
14178
6974
11838
10295
14534
11855
7630
7415
9744
12005
11029
11359
12489
14289
7386
10935
9789
6882
10549
11012
10074
10851
14935
10014
13672
11378
7475
10958
12594
9686
11919
9957
13672
10675
11378
7689
10851
12601
10712
11013
10911
9744
13259
13445
15319
15050
12149
9968
8975
10028
9157
11131
9839
7740
15082
9192
10993
9099
9968
12601
11800
10911
9686
11919
6838
13259
7843
10312
12149
9465
9330
7689
8975
14178
