1159
727
11
1326
318
236
1780
0
339
561
1354
754
890
1581
59
175
1719
409
96
306
1688
328
1769
656
209
1357
318
1001
532
795
1034
827
1062
0
1865
1051
169
1905
1375
1247
1512
328
416
1207
79
1112
902
36
967
370
322
687
583
640
473
400
318
1097
1119
1257
370
1758
1217
673
717
0
1464
830
1472
852
386
227
0
1766
0
989
287
727
0
0
322
0
649
853
640
0
1063
1247
328
323
473
0
1395
440
236
318
1119
36
583
1512
1719
1354
795
890
318
306
1207
827
1062
0
0
1112
902
1425
1001
3
393
3
124
1782
541
1827
861
894
393
1034
219
1636
0
1550
1357
1624
1782
393
827
1550
264
1368
1827
797
1550
219
1046
1722
36
1964
816
872
647
1207
236
135
264
1368
1237
754
795
1463
1827
318
219
2003
1562
1769
169
533
1257
1843
1217
1331
649
160
1648
1464
362
830
323
660
1926
528
1922
445
561
1370
1326
779
890
69
88
390
133
1331
390
0
840
59
853
434
753
130
934
1854
380
710
1472
21
267
34
1338
989
110
1755
1427
296
0
1498
42
853
717
0
1988
578
742
1598
440
710
1370
267
0
714
0
380
714
14
1310
1755
1446
160
709
345
192
362
318
967
0
370
1119
246
583
649
1648
717
777
0
740
230
14
16
0
1469
647
1267
192
377
528
409
11
992
920
872
1680
1410
88
1612
209
1051
227
989
133
1310
673
840
0
0
1260
811
345
0
908
0
1393
1229
1347
983
1086
1413
0
1843
1236
1833
1313
103
0
416
1115
0
1810
324
1637
0
0
1712
1338
1341
1557
0
0
0
328
0
318
197
1906
664
1843
1070
174
281
1237
1650
1086
124
1843
0
1070
790
197
800
908
321
0
1637
198
1688
1674
399
1612
372
1347
806
156
1527
983
1413
0
1452
1533
853
372
800
548
2021
1650
1086
1393
198
1229
1236
1612
1159
727
11
1326
318
236
1780
0
339
561
1354
754
890
1581
59
175
1719
409
96
306
1688
328
1769
656
209
1357
318
1001
532
795
1034
827
1062
0
1865
1051
169
1905
1375
1247
1512
328
416
1207
79
1112
902
36
967
370
322
687
583
640
473
400
318
1097
1119
1257
370
1758
1217
673
717
0
1464
830
1472
852
386
227
0
1766
0
989
287
727
0
0
322
0
649
853
640
0
1063
1247
328
323
473
0
1395
440
236
318
1119
36
583
1512
1719
1354
795
890
318
306
1207
827
1062
0
0
1112
902
1425
1001
3
393
3
124
1782
541
1827
861
894
393
1034
219
1636
0
1550
1357
1624
1782
393
827
1550
264
1368
1827
797
1550
219
1046
1722
36
1964
816
872
647
1207
236
135
264
1368
1237
754
795
1463
1827
318
219
2003
1562
1769
169
533
1257
1843
1217
1331
649
160
1648
1464
362
830
323
660
1926
528
1922
445
561
1370
1326
779
890
69
88
390
133
1331
390
0
840
59
853
434
753
130
934
1854
380
710
1472
21
267
34
1338
989
110
1755
1427
296
0
1498
42
853
717
0
1988
578
742
1598
440
710
1370
267
0
714
0
380
714
14
1310
1755
1446
160
709
345
192
362
318
967
0
370
1119
246
583
649
1648
717
777
0
740
230
14
16
0
1469
647
1267
192
377
528
409
11
992
920
872
1680
1410
88
1612
209
1051
227
989
133
1310
673
840
0
0
1260
811
345
0
908
0
1393
1229
1347
983
1086
1413
0
1843
1236
1833
1313
103
0
416
1115
0
1810
324
1637
0
0
1712
1338
1341
1557
0
0
0
328
0
318
197
1906
664
1843
1070
174
281
1237
1650
1086
124
1843
0
1070
790
197
800
908
321
0
1637
198
1688
1674
399
1612
372
1347
806
156
1527
983
1413
0
1452
1533
853
372
800
548
2021
1650
1086
1393
198
1229
1236
1612
152
861
790
1347
1313
